6006
6759
8778
5172
-6988
728
-30
6175
674
3711
8350
-2211
6537
1731
9727
5120
8120
-3119
-781
-412
-6246
-269
4609
61
-5347
2220
-3207
-4861
8422
3937
1320
-1893
4374
5334
1387
-7473
-9364
-1399
9063
7007
478
270
7997
-2169
6370
2147
9734
-8780
-1088
4467
8577
8291
193
-8391
-5823
2196
-8940
9979
5215
-8665
7349
1075
5461
9750
-1703
127
8486
8081
-6882
-2200
-3485
-832
1916
-9693
-8171
3681
-5795
-7219
541
4472
-4424
2662
517
-6653
142
-6007
-1578
-780
-5791
-5218
7069
-1163
9107
-496
3096
-9014
8524
-309
-247
2696
