-2553
-7871
-2749
8690
6247
-2473
-4791
8109
-5986
-9073
-1755
-4333
-9372
2639
4955
-4044
-6700
-1773
4629
-882
7537
9568
988
9288
-1543
404
4092
-8366
-9880
-6081
-9306
-3551
-9073
1969
4108
-3282
-8127
6725
2806
-9643
-6741
3397
6133
-4633
-9455
-6369
8683
-1770
-598
5715
-4807
-5930
-4591
-2736
-9713
4733
4935
-6386
-2470
-2278
-3668
-8504
9524
-1341
6024
-6699
6749
-1574
4846
8804
599
-6578
151
911
5271
7518
7265
5109
-2499
2351
-3791
-7869
8106
-5741
-7957
-7603
5989
6216
6239
4466
6218
5542
4715
9318
-6389
6844
-6761
-5781
-7434
-9437
2366
1132
3219
6931
5533
4661
2195
-672
3412
-6713
6136
-7593
-7286
1068
7952
-1733
1870
2544
-3683
4492
8706
9946
6307
1325
8636
1095
-4149
2347
-6155
6
-8468
-2798
6494
-2912
-3675
8263
-9975
-5831
9413
1320
8691
-3509
6470
53
7869
-453
1273
1635
9690
5411
-1414
2935
34
-9503
-8791
-3158
9808
-8090
-2836
377
-6278
9448
-5703
9348
-4614
8262
-123
3985
365
-9891
-6615
1544
7727
-9302
2310
-5079
-5963
-4288
-3694
-8105
-8640
8694
-6122
-4971
79
-3512
4902
-9440
-3850
9715
-5804
-128
2334
7917
-8674
-6441
-1877
-7522
1563
-8243
-7272
-2817
-9931
-7892
-9521
4088
-2413
5887
-4506
-4493
-9138
-5801
-2980
6661
-6024
-6928
-7620
6040
-5925
6564
4020
-7414
-9180
3754
1180
6640
-441
4162
6578
7491
-787
-5841
3162
-5255
9232
-9393
2531
3015
9776
-5454
5806
2540
5933
6537
-5521
5406
-2923
5316
8146
4256
-9851
3031
-313
2438
-5342
-6441
523
-9360
-283
4836
-1996
-3387
-8939
476
2597
2088
-2486
-4321
-5316
7878
4708
-8903
-4853
4052
-744
4670
-3695
8211
352
956
2464
-1974
1016
2873
3863
1105
-8379
3539
-8940
1618
-8338
4901
7921
-6953
-2980
1641
9016
5175
-9702
6531
6509
-7225
-9685
-8595
6040
-152
3942
-8561
-3895
-8230
6721
-3535
4845
-2722
9344
-3433
7451
3387
4212
-2559
9849
-2356
962
-4612
-9070
-652
1276
-7272
-2619
5242
5586
-4677
1678
-7617
-8367
1762
-3943
-1328
7661
6187
8161
-9162
-4989
-6785
-570
8471
4655
2391
-7377
3508
1837
5159
-6919
7544
668
8323
8354
-9330
-3822
9627
7256
-6472
2221
-2904
4419
3705
-6022
-3018
6699
9779
9272
4435
-9662
5108
1759
-7558
1966
289
-1343
-6951
-3338
-577
-2507
2950
1343
-4661
8139
-8165
2574
7577
9984
8619
9132
-3677
-3890
846
-4162
237
4194
68
-6828
5803
1130
-4039
-3194
6407
3629
1504
5001
-9408
-1495
7819
-836
670
5873
1577
-4483
1537
-4595
-2015
-4361
-1010
6711
-3748
-3171
-703
-6689
-5881
-2218
9063
-8249
-4958
-7161
9355
9752
-6915
2842
-101
3166
-881
-5921
-137
6943
7006
-1485
4217
5005
1552
-3302
1635
-7605
6273
2648
4893
133
8881
2979
9701
7557
-6597
-9104
1715
-4611
-7745
-263
5412
2123
-1788
-820
1098
6121
749
2404
-5374
-564
-2808
-390
-2199
6173
6126
-5237
6365
-5100
-6831
-9764
-7166
-3575
-840
-3842
-3401
7019
4010
5440
3668
-7566
7887
1852
311
6545
-2027
-2172
-8924
3060
5720
6746
-9946
-1159
4521
-2535
-9931
-437
753
9171
5000
-1925
4726
3902
3999
7529
8085
-1756
9441
-3044
8688
-277
-599
-7782
6958
-8173
91
-7321
-8128
8683
-6370
-9686
-3334
2060
-9969
8979
-4705
-6699
1667
-6072
3509
-8844
-7383
-9417
3036
-1944
8440
-5951
8502
3003
-7387
-5835
1169
-6405
-2928
-139
3875
93
-6205
2683
4991
-9667
1907
5291
1504
-5253
-832
-9853
4656
4288
-421
8831
7422
4097
7751
-2145
4505
7279
-5610
5656
-5008
1093
3779
666
3415
4157
9329
3639
-7955
7677
-560
5322
8337
6117
8811
5234
1348
-8491
-450
-1063
-5846
-1111
-6668
6231
-6516
4352
-623
5952
-6237
-5619
-504
1832
1499
2339
8911
6940
6702
-4051
-6221
1700
-9065
2792
-4361
6683
315
5555
2102
-4079
6163
-282
1759
-9444
-6892
7551
5254
5918
4915
855
-8733
3776
8216
-5480
-2166
-2599
-6101
-9963
-225
5659
965
1993
5470
6203
-6562
7498
7477
-5905
1770
-9784
7632
-8929
-5003
6868
4096
-1518
1257
-8493
6282
-2526
-5932
-3863
3099
-8915
7904
-6391
-3217
5631
9724
-6634
-2119
-3252
2565
4051
-1257
-7622
7585
-7921
5320
6363
-4070
-2793
-6497
1698
-8488
3587
-5890
-295
1078
8343
8799
8313
3618
6481
4696
-2840
5612
-3699
1112
2299
3035
8683
-9526
-610
3464
-6220
-7851
7348
2827
2102
5126
105
3050
6341
3805
7195
-3306
-3022
-923
-2973
3526
-7158
4473
5172
9548
-3272
-1473
1765
7568
-3442
-3058
1350
-1852
2010
-4459
-3973
2339
2464
-2281
781
3419
6684
3897
-3018
-4896
-9005
4877
-752
-6042
-8949
-6460
-1974
-8715
-742
-430
-4656
8005
1596
966
-1719
556
-4380
7345
6824
-821
5241
740
3827
-6065
7181
505
-6940
-5859
3165
-8336
-2354
-5461
-7140
-3340
2700
-3589
-2540
-5496
9212
9224
5568
-7472
8356
7565
9544
-6904
-1989
-624
9844
6258
3524
-1168
1317
-7457
3249
-2424
7451
775
-1224
7970
-4515
3548
3616
-2878
7710
6448
-4236
5297
7710
-9058
8465
-3212
3414
-9510
-3059
1960
-6326
-9770
-6641
-3068
4045
-8128
-4458
-6960
-5468
7088
4024
-2781
4177
-6952
-8496
-6749
3171
3572
9487
2222
-1918
4818
-3338
3986
-1471
-6508
5507
7613
5947
-2853
7640
7737
-5360
-6493
-1372
2637
-4672
-4749
1062
-5250
3678
-2447
5348
-7090
3263
6055
7226
-6958
8728
-5847
-7694
-8327
-3697
-7744
-5736
-6293
9841
58
8644
2409
-2714
9620
8444
2947
-7647
-1099
-4891
-8774
5799
2028
2485
-7433
2237
5241
-6036
-8924
-6602
-9107
5030
-625
2581
8814
845
-1258
2542
-1377
9715
4103
3016
-6389
9236
5705
-2913
-3650
-6959
7889
-8452
9999
-2654
-1466
1077
1107
-1641
-5021
3123
-8759
-5027
2692
-5949
1345
-5667
4569
-1036
-5005
-7888
9648
7332
-9792
5546
4164
5919
-2263
2678
1113
9799
-2764
6852
-8106
8074
-5020
1190
-9286
8617
6982
4250
7307
-7315
3055
4244
3851
-2793
9882
8771
-734
-1977
9490
6525
4249
-3199
-1323
-5920
6957
-3998
-2049
6919
8971
-8575
-1110
-5480
597
-2536
6135
-9234
4807
-8872
-8457
1288
-8028
6163
4092
-8722
7120
-7627
-2734
-7306
2598
-7420
236
-1253
-3916
4403
-4843
6910
57
-2380
162
1057
86
4190
825
762
-9230
-2281
-1634
-4231
8778
7341
-3207
-9755
731
-207
-2256
-7532
-4381
-1123
7226
-1332
-7873
-2641
9833
-4911
-2692
-440
-6035
-8935
5901
-5736
-4183
-5769
-6128
3034
-1430
997
288
-157
-7962
-9250
2853
-5428
1763
-6076
6096
7176
4446
2308
-6985
-145
-433
-5769
-3843
-3406
-4955
-4289
-4195
9894
6053
6887
-8179
4211
-3220
3534
4911
260
-8613
3719
4268
-8715
8619
-2927
-1457
5862
-8419
9929
-7539
-3457
-765
9908
4364
-1913
8364
-7830
-2976
-4298
9847
3912
-5463
2670
-1716
6546
1675
-3184
-4492
-5510
-6019
-6758
3900
5797
-2022
6154
-3167
8368
-3646
-811
9959
-2026
-3680
-5071
-9463
-3013
-2033
6822
-7478
-7441
-2013
365
-411
9782
-3816
4121
8832
-4348
-4022
4318
-9386
9443
-8495
2390
-9662
-8045
4520
-5021
-4670
-1964
-244
-1621
2812
-2924
6367
2951
4556
-9855
-7271
855
4756
-3305
-9931
8857
-2633
1835
-5927
-7083
-8684
4094
-7097
-9406
-7525
-3272
6626
8325
-3653
9495
108
5382
-7849
1458
4834
-6180
3970
-3240
1975
-6749
9795
2963
7933
1479
6114
-6616
-4431
-5736
9598
-1639
6999
-2860
6343
-8874
7578
5134
-8400
-5274
-6076
5287
-5706
3946
8559
-8554
9684
3574
8202
7741
9333
-3625
-3975
-4273
-7858
-1817
-1928
4007
9868
2705
8907
9285
-9297
-2149
2807
-6533
-6409
5155
-2657
1099
-962
-7969
9858
-4410
-8105
7604
9183
4008
9653
-1967
3117
-9787
-3122
2624
5092
6901
4362
-7285
-3566
-6942
2315
-4136
-1390
371
367
4841
8176
2306
-4561
2724
3927
-9218
7020
1481
9737
5641
-5730
8241
-5565
-4382
5599
6181
-2942
18
-5444
8946
-7742
-6103
4714
-482
-2381
379
1218
2858
6749
5693
-2729
-3501
4408
-9698
7096
4557
602
-1761
3716
2984
2598
2215
1949
4890
5732
-7599
2186
-4444
8989
2600
-2671
5297
1348
6322
-8326
9558
-5665
708
-4387
4508
-968
8950
8639
904
9090
3011
8858
-5300
-5258
4701
-5055
1032
1145
1817
-9532
-6875
1742
6391
-6738
4101
2745
-2576
-5157
-6003
-9632
-4926
-1692
6714
6933
1014
9733
-6455
7299
4060
-7760
-5845
6106
7570
5231
-4681
6496
-6929
7886
3542
1879
3918
-8974
-1142
-3833
-5144
208
1738
-9142
4374
3035
-148
7015
1131
4699
1229
7064
-5343
-6353
-5085
-1872
7217
887
3829
-1616
3087
-1337
-2838
6752
9617
2614
-3627
5063
-1013
3075
9535
63
2324
-1684
-6102
-6602
3749
-6348
959
3160
-8869
-8699
7455
1372
-4986
-449
-5989
1310
-5433
-1022
-47
-6385
8055
-1054
-5189
9030
6901
5400
-4455
3679
8122
7389
1266
2690
-6354
3595
8998
1201
-1635
2021
3153
-5805
-6977
-8857
-8803
-1036
-1759
5612
5551
-8504
2016
-3488
-4689
214
4362
5665
-5618
2422
2497
5573
3707
4700
-9297
5045
1416
9514
-9473
-3473
-389
-2427
3796
-3853
2088
-9551
8274
1271
-1820
6829
7035
8416
5678
9716
-6494
9028
-6497
9684
-4497
2906
-7122
-6242
3048
-7500
2075
-5390
-4952
-9473
8510
-5244
6112
1470
-3916
-6986
7773
5999
1899
-390
30
-3450
5429
-9267
9730
-4421
-7544
53
4334
694
6051
907
1498
-2714
9834
-4353
2763
7716
732
-233
-4576
785
2097
5721
-4739
-8935
1944
3297
-5731
3868
5245
5125
66
-8791
-436
-324
1803
1523
-6801
6824
947
2765
-3410
6533
6051
80
558
-3319
-3712
-3224
-136
518
9967
1487
3289
-7276
-4037
-2501
7885
-7111
8149
6136
371
6022
5509
5973
6638
5314
6246
4271
7341
-3063
859
1950
8024
-5053
-7917
2922
5796
8625
-4900
9959
9957
-8951
6578
7557
-8688
8250
8181
-5866
7880
7865
-7288
-7700
7944
1488
-9400
1685
-3437
-438
5983
285
2077
-8832
-5198
9546
2623
1142
-699
-5661
-5875
3266
-86
8616
1133
-4956
6161
-6478
-6887
-9549
-7212
-1630
8465
-3747
3833
4986
7873
-8027
-1547
-2579
-7932
2201
8092
-6519
9300
2972
145
2977
-1398
-8975
3036
773
2418
-6947
-2514
6889
-8423
-874
-9563
-5320
8114
-2083
7611
4578
2263
-9943
72
-8533
-5781
-3123
2042
4622
-4023
-9655
-7731
4303
-5626
1849
-372
-2656
-5396
-1029
-5840
8088
5250
-8000
7618
-436
8945
-4036
-3795
-9225
4003
-9356
2229
-2753
-1400
6346
-60
6828
6046
3995
2818
-5111
8382
-1028
6254
-3108
-2709
3110
-3487
-506
-4082
5170
8334
2784
3765
2081
-9957
-8724
-5173
1326
4220
-8206
6988
-4422
-9129
9229
-6847
6354
4548
-9663
8583
-4221
3806
-1165
-6449
4993
-9528
-264
-7613
-5778
-7379
1020
-9889
8270
-6567
6266
-8580
-5968
8357
-4863
-3475
7490
1971
9056
295
5305
-3243
-3508
8493
-6819
-427
-7948
480
8714
7978
-2208
5525
5486
8655
-2080
6168
6030
-3189
7972
5810
5695
1360
-2991
-5200
8621
7666
2941
-8290
-9157
-2987
-883
797
-2832
1298
512
-7583
-7782
-7802
-5903
-7063
1289
4800
6882
-3722
-897
-7267
-9810
-8008
-3050
-7039
4260
-2178
-6859
-5367
227
-9347
-3258
-1119
-8829
-7553
-9688
-3785
-6001
4690
-3549
-2167
3614
-5042
-6803
-1847
5860
8102
9524
-6945
1408
2021
6674
1335
-847
8814
7606
8714
2630
5903
494
-7107
-996
-8316
7725
3764
-4810
-7943
-3854
9284
4068
-7219
-792
-2712
548
-1128
-9308
-4809
4168
-4187
5503
7488
5985
-5917
-2246
9104
-4130
9009
4203
-9398
-454
-4166
-8388
8793
-3046
1826
7134
9498
8702
8273
9171
1468
8490
8883
9923
-4637
8848
2835
-7403
-2069
-5216
-3621
7838
-358
-1670
3848
8876
3487
-6768
-3235
3773
-9167
-2115
4011
-4776
-4890
8072
5306
-9626
1776
-803
-577
6346
-357
4759
1778
4161
-1565
-9474
5126
-5151
-8816
5955
-5418
8616
2636
-9860
5873
-5146
-4586
-4196
-180
-8907
-4480
7973
6499
-3021
-9962
-1649
-8727
8536
5717
-2765
-7687
7545
-9015
6157
613
245
1712
-2705
-2110
-1401
-7977
-1892
-3915
-6158
-5257
2968
2487
-3602
9344
-7205
3026
5683
-1847
-235
-3915
1772
7287
-4630
7993
8778
8485
7541
242
-6769
-8082
7417
6360
5112
1364
-2790
-3272
3627
-5973
-3301
-4428
7666
-166
3077
2832
-4065
-3680
3721
3329
-7170
-2554
3732
7272
-5547
6328
6918
-271
9912
3606
-1927
1444
-325
3259
-1418
3881
-3754
8580
5490
-7743
-7854
-2226
1496
-4667
9821
-3674
-8729
-3155
1871
1033
4897
3749
-2327
5849
7709
2880
3579
-8324
-3865
-8697
2685
-8176
-4490
6519
4552
6677
-505
-3654
-1329
9706
7258
-7801
-8791
-9623
3669
7283
7481
5525
-5684
5493
-1628
-498
-7153
-5236
-2900
-306
-9575
512
9202
-3532
3330
3217
9371
-1940
4964
607
-4615
-9619
4835
-5051
3289
-4645
8210
-2596
-3631
7243
8561
3454
8202
8216
533
4560
2433
-8616
5485
-9048
-4632
429
1090
-3207
963
-3526
-7187
-6439
9333
301
216
-1281
-8925
-8100
-331
4246
-1325
-6853
-6615
5141
2462
281
-7406
-5176
6942
6580
-8663
-9102
910
-4369
-5349
-8349
5599
-2833
6080
3459
7169
6286
-9350
3122
-5755
-506
6692
-4478
6382
-2550
4532
-7211
-5787
-8579
5411
9828
9115
-309
3634
8664
5
-3753
-7454
-5958
6270
-6092
6232
-2421
-3710
2770
-9412
-1415
-2305
-9448
-5315
-2117
-7362
-1607
308
-4893
-2531
354
-420
1264
-7119
3643
-9359
-1632
-9741
-7040
1649
3238
-3288
-4484
6809
-7241
-1137
6977
-3027
826
6164
1598
5372
-3376
7482
-7084
-7005
6009
-3447
-7916
6095
-4445
-4365
2461
-5228
6250
9613
-1050
1219
-3120
-9825
9225
3489
2276
-6157
-8663
-1731
8550
6806
1997
3721
-3911
-9680
9971
-1951
5683
-1791
5202
3867
-8008
2710
4098
-5026
-5701
-9296
891
2221
9798
150
2699
-8475
-9402
-3287
1173
-7152
-7002
7038
3341
6167
-1390
6956
7861
-8238
-6466
7593
-2163
4444
9493
7752
5660
-2462
1420
-5262
4324
-1131
582
-423
9989
-3932
-8769
-3266
-6808
9920
4214
-4527
8843
1408
-6453
9652
-1909
-7870
-6187
586
1617
9955
8279
-7896
8558
9109
4607
4382
-105
5033
-3053
7282
-4952
5787
-5357
3564
-1572
-6366
4139
9984
1379
1919
-6351
6285
-2643
6955
5041
-8798
624
3543
-1814
-392
2300
7531
-9410
-3253
-4580
-1658
6315
7622
-9694
893
-7715
-2540
922
2967
8326
6336
1596
-8225
7005
7569
-534
-9115
-8355
-7617
-6130
1894
5491
-6095
-5096
-5950
3367
-7660
2554
1034
-6362
-5692
6239
-415
6227
-5388
-8833
6038
-39
-7644
455
5673
4315
-2829
891
8363
5729
8217
-8812
-4805
9660
-8913
8263
-7599
-9663
-7466
-6724
423
970
2013
190
-3306
6431
-5874
7920
8767
-6040
5525
-72
-3794
-6241
-4665
2060
-3453
8238
3483
-5396
7801
-1416
5286
-5474
-4087
-1425
-5862
-8002
3573
5209
-441
4172
3800
-9768
-9629
-6077
-7846
-8245
7859
-6965
788
-1002
1876
7081
4945
73
-6813
-9525
-6129
1138
-9198
1986
-1194
-3014
-5473
7518
-2448
5189
-3331
-6742
7166
-1483
-224
-1392
-9761
3503
7826
-6381
-2550
6285
-2645
-5410
-4540
3501
-4093
-677
8001
-5219
-6211
-5380
-8490
-1699
3512
6607
5540
1729
9996
-6933
-9951
-4072
-3957
-1345
-8583
640
2380
3410
9038
-1650
-9541
5415
6792
5830
6125
-6344
-2771
-7400
6346
-2970
6419
-4914
6851
-2980
-5705
-4057
3721
2839
6910
9518
-4542
4887
-9064
194
-498
9411
-8841
-8690
-1517
-6200
6891
3267
8111
-7269
9795
1245
-386
-7872
6008
-9448
-7414
-3464
1533
2524
9035
-9586
5078
78
4945
-2719
4492
-1865
-7669
-2603
9818
-2653
5274
-8400
-8047
9318
-110
6725
-6888
-5292
-5668
-8333
4872
444
4511
-2715
548
-583
3250
1286
4075
7667
1317
2346
-3688
-9861
-2601
9127
3314
2255
1136
9048
-5154
7024
9245
-2986
6865
-7043
5916
6076
2554
8287
8133
2612
-8775
-3688
-2252
-6744
1143
7371
-9984
-8162
-9182
1633
8979
-318
4323
-4158
-9073
2293
-8695
7179
-8927
4934
-3110
955
1331
9993
-7259
1752
6587
1873
6044
-3257
8076
6056
-131
6902
780
2920
-7404
6323
9993
-8465
-4934
2944
1061
-5131
-3270
-469
-282
4920
7604
-350
8030
7972
4708
-9842
-8339
2747
-5605
4283
-7686
-1936
2187
2854
-3783
3306
-945
-2880
6526
1231
-70
-1548
-5503
178
638
940
-6922
5889
4208
5276
9879
-174
9133
8298
3818
-8355
2414
-3351
-6937
-5424
7634
3221
-3780
-2059
6863
-1317
8949
-7128
6462
5739
2593
1094
8463
9232
-1061
-8186
7760
9614
-9808
9095
16
-9659
8676
5165
8143
-3252
8862
-1830
-5051
9872
-6945
-9946
-5906
-1116
8010
7983
-7874
172
881
-2042
3723
-1511
5057
6474
-6620
2189
4761
-4125
3060
8442
-1854
8474
-8680
5059
3553
-8951
8763
2539
-4206
-7442
5228
2881
6650
-9246
-1833
4236
7060
2574
-643
-2169
-7680
-3908
-4637
3326
-885
-2492
3847
-1133
-6102
3354
5214
-8265
580
8597
2172
2884
391
3760
-4771
-7880
4009
6440
6432
4837
-8673
1296
-3463
3306
-3239
9679
-2297
48
5097
-6524
7256
4978
-4303
7311
3547
4383
1641
-4003
-9023
-7546
6442
7757
-1520
2435
3818
-5121
-9629
9047
-5189
-1599
7612
8613
-8502
-3359
1983
-3323
3200
-2653
7099
3093
-3380
7082
-9678
3979
4469
-8447
-8418
7185
-7791
-1445
-4826
5656
62
2611
-3877
6176
-4042
5925
-1403
3858
8277
94
7791
516
9453
5052
-1588
8108
1819
-1592
-5317
-5591
-2926
-8491
-9941
2750
-6315
-3314
7009
930
6230
-2582
6000
-2733
3617
9243
6270
-682
-9782
-6530
3511
459
2072
7189
-6545
-2125
-6308
-6453
8278
-2743
-6841
-1719
2222
3022
7105
-3028
-5605
-9416
-4415
878
6848
-7462
-9099
6074
9002
6831
163
-7124
3837
-2930
-9370
-7928
-136
4933
-6838
-2148
-5440
4114
-2494
-5005
6173
8772
2186
4033
-3136
505
2815
7418
2562
-4526
8873
-8158
-4316
8398
5738
1363
-8294
6645
8704
5112
1321
-8553
7885
2760
-8285
-2442
2764
243
3955
2311
9313
-3965
2757
5231
-7436
-1431
4810
2094
9737
6158
-1230
-1771
-1397
1402
-2461
812
8690
-2767
6511
104
-7231
8355
8076
2554
-5884
2474
9665
7820
-232
-2588
6946
-9961
8503
1300
-7719
-1565
3362
-6903
502
-1809
5745
1485
-6747
-879
7483
5473
-2997
8937
-4055
4149
-5813
5563
6580
9941
-3325
-1440
-5823
-5119
3800
-4965
-6167
8522
9249
-3414
-5408
5015
-1129
-561
5516
-84
7700
1267
8706
-9576
7788
2482
-4261
-7004
-1916
-4006
6006
3840
-1667
4965
8817
-1482
-9470
-9209
-8535
-2084
3172
9348
-7810
-9953
7655
-2409
4936
-3401
-6380
6666
-4811
-1668
-882
-496
-3025
-1401
2503
-1373
-7148
-9098
-6925
8298
-6335
1442
-9096
3326
-1234
-4294
-5110
9185
5115
-8823
-6185
4185
-5105
-3421
-1713
5195
2152
8212
-2935
-6097
-6805
-5902
8752
429
-1593
6899
-9388
7796
9142
9868
8047
-129
-9525
-2765
4913
-3958
4693
-4731
5864
4218
-667
7134
-909
-5542
-3978
-9645
-8591
-4822
6863
5038
-3574
9518
8925
-5417
9049
6910
5827
8067
-6705
-8551
-4303
9298
6053
-5018
5375
-7914
3366
8969
3940
1646
-1377
-2349
-1135
-4059
-9653
3687
-5593
-1370
-9007
7943
-6458
7640
2158
-2639
-1395
1453
-7197
5301
-1315
-4915
5989
-9051
-2692
5583
9894
7923
94
3574
3813
-8168
-1689
-4821
4428
1684
-2679
7085
-9813
-2295
-849
7928
3065
-688
5815
4742
-5992
-4225
-9675
-2386
-8545
-9885
-5196
-3574
-3685
9618
-2118
-7297
-9367
7425
-5016
-9644
5189
-5036
4474
6817
3806
-5077
2851
2573
6260
-1317
190
-6189
4677
2384
-7403
-7841
2486
-1719
-1013
1250
-7609
-7292
7975
3193
-796
3993
-3988
-961
-6916
-1578
-7174
-8407
-6530
-5242
7339
1724
-5147
-9993
4376
-5269
5376
-6432
-7492
7352
-6347
-714
-5750
-7492
6584
-5822
-7441
-8567
456
-4129
-9569
5816
-8470
1705
6833
9921
1493
-2915
-9805
1028
6312
8756
9807
4403
1626
-9499
-1649
3435
2845
-1303
-674
-9984
9472
3298
4658
9191
-6048
-8245
-3541
-4303
-4481
-7540
-4548
9877
5784
5707
9861
841
-9551
8021
-6227
-8894
3032
-7894
-1878
3285
5715
-8754
275
1480
3748
-4067
3967
694
7879
-1610
4272
-3131
-7920
-4374
1678
-6814
-9678
4056
-5876
1553
-5147
-2428
1223
-7526
2949
-7963
7711
4245
1620
8584
-2137
-4314
1256
-599
6371
4295
397
5657
826
-4652
-220
-4478
-8050
-2359
4099
-8065
-9602
729
6546
4998
6237
-8133
2682
-2073
8207
6538
8542
-461
-50
2632
9907
7644
-9013
882
-8459
747
-7607
-5714
6319
5109
9841
-3906
-1072
1830
-5074
-4319
-3565
-7680
-9830
-5067
-4572
7508
4747
863
-4694
-26
-5087
-9359
7282
-6030
9186
-7014
-2388
-9135
-1193
2204
-8106
2675
2853
1254
693
7823
-6365
-4403
9831
2691
-1161
-6758
1424
-3783
6807
7542
-6151
2033
3992
-2517
-6897
974
2688
-78
588
-6982
572
-8467
-7029
9059
7828
-9347
8719
7730
1745
9464
-6974
4537
-4983
-3156
8601
8489
9646
4967
-8255
-151
8025
9362
-8648
-5418
-3495
7635
-1332
-5967
-1835
-7093
-9320
6344
464
-1329
-6885
-9374
-1387
6249
5681
6496
-7153
38
-2690
1807
-3319
4966
-1
-655
-2213
-1007
6676
6592
-7066
1943
-7242
-292
-7346
4383
-8381
-5363
970
-9974
6631
-6647
9156
2365
-6462
-2575
-72
8470
5879
-3840
4322
-1823
1437
5882
3206
2826
9280
3125
-3762
9402
9924
-5550
-6857
-7212
-1453
9898
7261
-823
-8079
7118
-4695
5292
-1940
-7014
8877
566
107
9206
-4707
-7089
-4087
-2953
6359
5936
-7761
-9578
3033
-2160
1499
1441
4157
7464
-990
-5753
-7889
8842
-512
6208
-4484
-1573
3005
-6813
-8861
8851
7570
-4122
4353
-4216
5799
-354
2348
2305
4805
-1817
-3958
-4626
5732
-5657
5231
-473
-2857
-1856
-3555
-6975
-2528
-8362
-8563
2693
5509
-8930
7747
-3613
5302
-9948
3570
-8081
4698
-6170
8358
-164
8585
129
-8696
-5709
3748
1260
1951
-2743
2424
1259
-4717
7575
-6154
212
-4841
-7133
7518
-5281
-3819
5865
1601
7127
1098
5363
-2297
-9016
-7729
-6306
1509
2543
4861
-1187
8347
-2810
-2250
9292
-1919
322
-7950
-2244
-7837
2281
-812
5258
-9278
9530
3787
9965
5897
4095
-6772
-3595
5597
-1403
-8197
5758
8919
4754
4152
-7729
-3254
8199
-3985
-5631
-1360
7553
-763
-984
1576
3000
2211
-7388
-1867
-1136
4026
-7620
-1051
-8009
2405
403
136
6947
-6000
3923
-5774
7488
-1121
-2816
5510
210
9943
2051
-9759
-3040
7092
5701
-6591
4459
5614
287
-1059
8235
3635
5882
-4292
-2271
6102
2596
1657
-7590
-4022
5351
-9477
-2959
9133
70
8203
-6478
-8999
-790
6778
9116
-3222
-3598
-9842
2989
1805
8177
8578
-3740
-2619
-374
-6554
154
-1910
5740
-866
-1487
8716
8253
-2762
-5409
-750
9924
7942
5716
9148
-4941
-185
-5269
-7067
-725
-9201
-7185
9852
-8186
-1048
6889
1389
2856
-4285
-6211
135
-3893
-6781
-9557
-1800
9092
-7587
-4142
-6185
9286
9258
-9984
-1354
-8713
8922
-7247
5572
1538
-4949
7283
-3051
-2508
1261
3073
-1013
6023
-3554
8772
2382
-8786
-2186
-744
9866
2873
-2082
-6941
9223
2627
-8391
8670
9936
-7572
-9852
3642
-8213
-3393
-3640
-1804
1254
2074
4975
-3908
1181
-6224
-1816
-4149
8430
3830
3961
2242
-3388
3794
700
6336
5984
-7181
-765
6154
458
-3074
1788
1988
6064
9166
3502
1507
6408
3086
-5841
8484
-6692
1674
2104
-8092
-7941
-5605
-1217
1649
6371
-3180
9058
281
7628
-4349
-7863
-1353
5358
1367
4705
-7041
-2406
-339
8073
3496
-8210
1612
-7784
-5370
-3894
8412
-3267
5775
-740
5902
-3205
8619
-3660
-7765
-5073
-9478
9876
-4140
-1660
-9592
2676
8956
-188
-3401
-2649
-4592
-7230
1237
9383
-9198
-9763
7338
7710
8048
-1557
7713
-6098
-5382
-4667
9110
-3309
2206
2648
3989
-4655
-4270
155
-21
4711
-6924
7427
4793
-5076
-5819
3244
-6329
-27
-248
-5229
4112
-9847
788
3944
-1839
2999
-9402
-768
-6625
-611
-4495
6922
-7864
-3127
6604
6849
-5986
-1507
-3349
6002
2559
-9905
-7864
4771
-6077
5280
-9263
-6709
-9939
-1607
3186
8397
-1989
-3597
1605
-4892
-4598
-401
-3558
-2313
8532
-6491
-1616
5941
8913
-2356
-9636
-2887
1157
6066
625
5013
3197
-6380
1859
-9940
-966
9628
-5824
7994
-3955
7385
-35
5003
8267
5841
5540
7495
-9025
-9267
9172
9464
-5402
-8220
8213
5577
-6315
3736
-2906
-5339
-6807
9489
-5738
-4413
1653
-4207
-941
9178
-5335
9279
-9082
-5805
3587
-6820
8316
242
-2050
1046
8506
-4306
-9934
-939
3398
-7768
-8041
4655
3641
5591
-1958
-1839
4479
5797
-1022
8829
2686
722
8108
3871
-7773
6565
2339
6033
1532
7759
-5480
-4910
-9634
5542
-7498
-3122
-2095
-3827
1102
-5811
9
9483
8146
-7070
-3487
-8708
9955
-759
8222
6486
6180
-8008
-9530
9145
-1877
6657
-4159
9414
-3665
-8937
-8216
-5961
-8498
9949
7050
6803
500
5439
5497
610
-5997
8206
1764
-5958
7214
-8519
-2578
-2462
-9168
9645
6064
-3672
-5715
9301
9118
-7650
-5374
-8621
3488
3689
-6338
1723
5482
-6025
2327
-7241
-454
-4728
5744
-2715
-8036
-336
2334
-1749
-7274
-7345
-7338
-6189
9240
-1148
3562
-9770
-2957
-1447
-9477
-8545
1253
-9215
5722
4335
5935
1828
-332
-3271
-3848
-7991
-2325
1259
-516
9450
-4207
-3405
-600
498
5731
-4179
7098
393
8870
-9368
2675
8921
1632
6366
-7168
1147
-5270
-7841
5169
903
1433
-7186
-4745
5858
6596
-6574
58
-1432
5986
8533
1711
-4191
7522
2802
2496
-9161
5925
5408
-6643
5962
7868
4091
-9021
1945
-6185
-498
7736
2705
-9794
6363
-5161
8502
-8113
8196
-4546
-3681
5367
-3330
2746
-5095
5843
2011
8733
-1636
8496
-3677
-3781
3654
6757
8072
8531
-4154
-9587
-606
7490
6631
3694
-4107
530
5937
7722
2825
8367
-930
-6063
9663
-9404
-6486
6238
-9669
6390
-4621
3618
-6504
4459
3316
9281
6467
535
-1595
-2874
276
4646
-8722
9991
3933
7192
2017
6427
-3104
3142
-5236
-2261
7828
-7375
-2343
-5079
2844
-8202
-3827
-5458
1568
-4094
-7885
-765
1201
-7064
5885
-6443
7801
-2510
-7236
5119
-423
2576
7979
3307
-1270
-1239
2054
-6150
-4203
-1692
-2707
1227
-6037
-1925
-3988
-8371
-3601
-7217
-2700
-8508
1375
1978
75
-9038
5638
9939
8476
-8516
-2401
-3444
-7104
6765
-9322
-107
4773
8834
-8272
-8010
-7070
-854
2682
-136
7348
1949
-7642
7473
3462
8242
-6909
4350
-3859
2815
-2259
3928
-2921
-4053
4590
5422
-6488
6697
-5854
505
-1812
-3327
-5855
-1877
-370
-4685
221
8027
-7359
8187
1679
215
-9710
6100
2751
-1468
-4299
4736
-6546
-15
-9147
-9932
-9175
-1958
-2250
-5549
-8787
-4191
1197
-9864
-253
-134
7918
-6307
-9977
7229
-9948
815
2485
4672
-5111
-4446
-3931
5658
3795
-4774
7434
-9094
2570
-9916
-8834
-8803
-9276
446
5452
-3720
-2776
-8573
3348
-8650
1654
6568
-6717
-8388
3205
1471
-4587
7592
4292
3936
-220
9086
1461
-2116
-6002
-9700
6619
1230
-133
2120
1038
8341
-8721
7804
-4833
5046
-2005
2923
-4462
-2960
4127
-2019
-3952
-6734
-4551
-2326
-7596
2169
1139
5364
520
-8542
-8035
-9747
-1899
6429
-60
-4851
5772
-2781
-2868
-1966
-7761
2151
-8354
-8858
6173
-7682
-4491
7076
163
-3526
-9832
-3413
2479
3670
2086
-8346
3444
-9921
9023
-7130
9921
-1796
9297
-1518
8661
4433
-6452
-8240
-9337
4167
-3568
3394
-4501
7263
-8729
-6285
1633
-8476
2989
-296
-3920
4708
9579
-5912
6393
-8665
8547
-1133
9838
8360
3027
-8308
2299
-3812
-3686
-2719
113
-9747
-6963
2326
-1912
-8197
7332
6992
3085
-4845
-4059
2252
-8540
-3176
6086
4123
-6028
-5805
1367
6235
-3936
8864
5048
5091
-1302
7577
-3394
7201
-4599
-628
1429
-3288
-813
7286
-2074
-336
9892
-9318
-832
2490
-9413
8529
4701
-700
4023
2524
-4644
8222
8437
3967
1776
8540
-1750
47
4989
-6728
-1995
-8278
-3362
-694
-425
4956
-2521
4485
-9674
-8060
5109
7360
4167
-174
-2518
-2975
9887
-8982
2016
-5225
2767
-3083
-6561
-7895
1836
3498
-1182
-3928
1356
-1426
-3516
6411
7875
7907
4110
-2616
8720
7008
799
-7168
3364
-4333
9675
6915
-8803
7684
-6526
5818
-6928
-3798
-8814
738
970
570
5766
4377
-7301
-157
7998
2539
-2662
-8878
-1571
8910
9342
5417
-89
5557
352
2863
-2381
3055
5096
2469
-4757
-1076
6235
-9631
-8167
-6799
4617
6295
-5761
-9299
-3169
5779
407
-5172
-3311
3086
-4558
-1317
2267
8516
-1588
-2978
9058
-2676
3806
6097
-1205
3281
7645
650
4653
507
3746
-9405
-1501
-3306
-362
5079
4141
-9563
-6571
754
-1315
207
-1196
-4600
1780
8381
-5467
-2799
9780
5899
2387
-7392
-7219
-1282
5868
-1379
7494
-8072
-2603
-6049
-7832
5817
5642
-8214
-4311
-7165
581
-4086
5600
-9810
-4469
-3033
-3355
1914
7408
-6759
-4499
-9752
-2854
8881
-9633
1565
-749
5369
9511
-4594
4101
2438
4045
-8272
6108
7554
2920
-3083
3852
7528
1299
-6396
3819
-442
-2177
-7939
8049
-2245
5648
9128
-6495
-5047
-6129
741
-5038
3402
2039
8310
-391
-5206
7389
-7557
4795
5568
8281
-8351
7310
6808
-9951
-6207
8149
8150
8864
-9947
1893
4964
7793
-3748
8396
-2906
-7345
9241
-5421
-2264
1612
8207
6386
-1524
-96
5662
6854
8650
1632
7826
-2241
2846
8144
-3383
-3380
1327
703
6030
-9483
-2924
3355
-707
-957
96
-6224
1953
2836
-3066
-47
1688
-3151
8445
-9056
-8971
8806
4302
-6068
-7231
5089
-7415
6607
-8783
-6189
1719
4383
711
5539
-846
-5725
2557
5524
9897
7924
-3270
-9091
9940
8992
6547
-948
-4119
-9643
8375
7350
-2380
-5681
1486
-7862
1938
-6173
-8986
65
-6355
-7721
8979
1713
-8006
-5200
857
-5048
4141
-11
8038
-5208
-8899
-370
-9665
-4655
-7178
-467
-9898
8059
-9291
-6540
-5734
-7969
8727
4086
1313
-7957
7174
-2224
4305
-1368
-2768
333
9903
1193
7805
4341
2073
289
6047
559
1295
1664
9288
-4092
5903
9434
-2638
-7396
-4217
-2624
2847
487
4791
-4948
-8277
-4080
3503
1928
-4155
-5414
-307
3016
-8714
2976
3779
-7504
-1200
1638
-8670
-1918
2382
-1408
-5518
3486
-3392
-9057
7617
3504
-4892
6197
-8044
-8525
-8019
3418
598
409
-2492
-7247
9889
-7684
3716
-5594
282
3988
-2622
9804
9789
9657
7528
-6429
-1817
-5681
-7203
-3209
2476
-1793
-2993
2060
-9300
2137
-555
7923
4222
5745
-797
-1999
1049
-4131
-7654
4108
-1333
5454
-8045
-8494
-5148
9863
-2054
-6921
4127
289
293
-1215
5895
6536
7967
-1950
1658
6230
-5924
-4122
7263
-5982
2434
531
-1243
8689
-1760
4128
8718
-4798
-7175
-764
196
419
-9404
-9183
2675
6877
4560
4305
-606
7429
-5883
-6720
-4774
-344
3512
9270
9402
5288
-8757
567
9647
8102
8302
79
1280
-9519
3675
5740
3596
2908
6563
5417
1636
-3591
-8955
-2918
-2708
-3994
-4687
1354
-8215
-299
7337
3719
4132
-2837
7745
6361
-8775
-634
3282
-1302
8938
8979
6279
-9967
5981
-1991
8970
-9891
-373
-7113
5656
-9824
-5175
1648
-2397
5569
7477
2879
685
-9912
5097
803
-5150
-7245
6083
301
6056
-1798
5561
289
-9209
-530
-5202
6764
9186
-4971
3692
3430
3695
1117
8503
-4179
-1801
-2294
3192
7976
-8571
-3715
4218
-2673
-9912
4289
-5320
-4065
4415
-4858
5292
9892
-5995
3272
4021
1079
8401
-8449
6505
172
-8157
4644
5363
-9779
-3848
-4465
5364
4293
1065
-2833
-2064
8396
-5656
-6852
6644
-5903
-8007
-5185
6102
4659
6974
-2168
-5368
6421
-3405
-4709
9005
-9786
8980
-2207
382
-1847
8396
9344
-1538
6330
8832
2816
9649
-1076
-5849
6756
9075
-7173
271
5108
5770
8361
-6869
3940
-1616
-4622
-2587
-7999
-1864
-6511
5324
1138
-6553
6255
5430
5300
9554
-3850
-7114
-3441
8522
-5628
4699
-1980
4788
-5793
5678
-9112
-2035
8711
-1907
7574
9029
3787
1590
2877
-7881
-9936
-2497
-206
2350
-7396
-410
8234
9066
7576
-8840
-3239
696
-127
-5022
-5956
-895
5477
6318
8476
-5393
-4754
1444
-9428
-1967
7916
6184
-9198
-3565
-1669
3724
-456
7972
2204
-1081
1573
3697
3936
-5134
-3777
-592
-525
3030
-3267
-3744
846
-1440
6558
-1019
-2712
984
6615
6795
6458
-2931
683
3708
-5886
5750
5108
2317
-5530
383
-8463
-6087
6702
-2248
-71
-1068
-4086
-2779
2986
955
4327
3747
6455
7582
-1036
-107
-9877
6883
-7717
3223
-6973
7904
3689
745
-4911
9707
-6652
6152
-4154
-3526
-1224
-6015
4033
2824
-9785
9460
4929
4616
-3671
-7697
-3982
7578
5492
-7702
9861
-7364
-1494
-3137
-9694
-8087
5942
-7754
-8225
4398
-2205
8017
-9236
2346
-8544
2184
-2540
4153
9848
-4129
8442
-1700
-3709
7301
7989
385
-7161
-4162
7205
-2076
-7244
-8761
4409
-7675
536
2449
-8492
-2038
-6293
-5923
8330
-4142
-2850
-8680
-1515
4393
-7680
7346
-715
8099
-6965
-8176
-9885
-108
-8659
3965
-1161
-5107
4030
1644
-32
-5508
-7651
-7389
-8249
4412
-2550
3750
3136
9049
5363
-5308
3745
8570
-1610
2713
3370
8364
-6222
-4325
-3453
6860
-7285
-6064
8077
9200
1340
1542
-1346
8596
6047
-7587
-124
-546
-7255
-3451
6754
3312
-484
8316
-3198
-9395
-5326
3107
4965
-5268
9925
-7224
3336
-7127
6375
5046
5738
1114
-2872
1009
9253
9021
6830
7075
-9862
-8547
-4965
-9764
-4250
-5061
4591
2660
7970
6845
-9182
3496
286
-3301
6838
7803
-5310
-9039
-166
5935
-4600
-8623
-7713
9654
-8723
8806
-175
2232
9840
4846
-9631
-4754
8224
-7622
-1228
-7051
-6457
-3955
-7037
-7050
5003
-3655
-9950
-3459
-5066
-218
7944
1925
6581
-5250
1390
5191
6781
-983
4120
-641
1372
4670
-3785
-7927
-2940
-805
-1547
-4291
-903
9338
1682
394
3064
4699
5890
-2986
-5696
1974
-1231
-7763
1375
-5236
-7414
3124
-9139
-1161
4733
-415
1623
-192
7841
7086
-136
9198
754
-2095
112
-6387
-2869
8540
-4911
-6623
9142
9642
-9928
1383
8663
-5296
-8081
9097
1725
3004
4962
-8823
2655
-279
4019
616
316
-1210
-5627
-5778
8602
5580
662
-9402
6702
4677
-8767
-845
-7678
7892
3588
984
-837
1581
-5416
946
5490
1151
5880
5045
-7814
6745
-5052
6177
-3971
-9792
4593
-1930
-3445
-5727
4788
-6554
9950
3327
5986
-7235
-9812
79
6399
1597
-2737
5989
3709
6098
5500
4346
8788
1581
6537
5865
8979
-9878
-3009
-9132
5692
8134
8327
866
4783
-5362
66
4275
521
7188
7849
7421
-3570
9388
-2956
-3318
-7297
-2561
9925
4111
8006
1474
-3502
5660
3797
6266
-8175
-2996
-8628
-3720
2226
4409
-6645
-319
8161
-4924
3952
9475
5236
1893
-3769
-3310
9457
9723
4787
7890
4196
-251
-3894
5469
-796
-2818
-7612
-8278
-8371
6749
-3709
-3026
-6939
1305
-9021
-1406
-4515
-6048
-8851
-7023
3305
-8444
-6208
-3318
9007
-1280
-6312
3839
-9436
-8628
7403
-9454
2041
187
-5001
-4015
-6694
-5605
9272
9587
-4168
2687
-9974
6226
-5380
5481
-7043
2917
-8289
3213
-3503
-8941
-9016
2074
2993
3062
-4247
9444
-8011
5101
-1800
-2265
4729
-7124
6703
-4013
-5185
-6154
-4071
-4861
3762
-8593
-1367
-9878
3838
-400
-1768
-2736
9933
4939
-3457
-5269
-4752
9826
7952
4371
-8733
-2737
3941
6644
-5549
-2052
8570
5040
-8382
446
-2855
7344
2769
6772
716
-4801
6858
3948
-2565
-8271
-9712
721
-1914
6734
-2872
4460
3881
9380
9070
9431
8380
-8275
-838
-8008
9314
5642
-4210
8432
-4037
-2524
631
1347
-5542
3341
6035
9885
4896
9234
-1261
-3097
-4187
-5539
5295
-6863
-7662
-313
9540
6556
1691
3910
-1403
-5580
4034
-1119
5375
-7325
-2371
-2382
-2901
770
-3847
7051
4018
6661
4950
-574
6089
-3594
-5620
562
-3756
6020
-2477
334
-3564
-945
-8870
629
-594
-7595
8467
-1962
-8273
4065
-8186
-5697
6493
5964
-6384
-3867
3075
8214
-8926
-7319
3004
520
-3686
-7932
-9592
-5854
-1754
-7698
6886
2663
-8903
-8899
209
6756
2961
-909
9616
874
1874
5051
9521
3873
3976
-2883
-7496
-3102
9113
-7660
-5861
-2975
8869
5311
5726
9562
2495
-9878
-7232
5931
848
4262
4058
-5388
-9374
-7620
-2936
-5474
-9658
767
1401
6079
-6448
3825
-9711
5339
-7701
-5715
8876
-4426
-6310
-473
2299
9026
-8098
-1050
-9701
6943
-2866
7125
-3981
12
536
-9201
3264
-4055
-8452
828
-390
7568
9593
-5694
6062
6495
-2307
-3510
-5337
-8020
-6975
-3854
7809
-1858
2026
-2781
-8193
-1231
3504
-749
-5354
5138
4470
2898
-9819
-6248
-7054
3881
-5988
7943
4723
7816
1835
8520
-9982
-5143
1079
-5962
3689
-3560
9702
-3346
-5262
3336
-1728
-6711
-7893
-4022
8214
5095
9242
-8633
9578
6673
7568
2535
8954
-4062
-2243
-8043
950
-4163
8982
3797
7189
8019
-7457
-6718
-5851
8598
593
-116
9688
8065
-8937
-811
-4459
4910
-6414
-8478
5107
-7810
-1495
7381
-8207
1617
8582
-1542
2433
-4571
-6519
587
-6916
-803
-8237
5479
2821
-7157
-2010
-741
2564
5035
6595
-8692
-2858
1924
-3600
8405
-5593
8657
-7193
9666
3146
-5179
-9209
-7001
4507
2405
-1458
5172
4812
-5233
-8689
881
-5156
8515
2171
-3653
273
-3638
-2524
-9606
3042
-1169
-6733
9184
-6672
6260
-9357
-3458
3491
8831
5376
-7347
211
-8592
3396
3955
1205
7383
-7748
-6983
-7606
-6691
-7779
1239
651
3797
-1173
-1164
-6392
8895
9365
-8968
-1539
9616
-7561
1617
-5916
3833
4085
7476
4715
-3536
1075
-5061
-7721
-619
-9450
9472
8688
1411
-9490
-743
8515
-2438
2772
110
4453
1825
1791
1645
-2633
215
-7775
-6594
7354
2749
6247
3410
-4035
6971
-5888
-3384
674
-4287
-7797
-5411
1731
8814
1939
-2833
-4533
9193
7338
8918
9197
-3474
-6457
-998
-8054
8176
-9121
-7097
-1809
9433
6494
-8429
-2559
-9807
8277
-8952
-4606
-7426
153
254
2508
5401
1431
-3731
-347
-56
-6003
-7540
9202
-7525
1273
4409
6748
7359
3917
2068
4343
5563
-5768
4948
-6517
8156
2553
4053
4025
3396
7683
9933
-8166
4082
1755
2052
723
-8204
-5393
6169
-4833
3165
-3440
7054
7719
4727
-4096
-4983
5055
929
450
-5489
7951
7805
-7629
6086
-5602
7325
8817
9195
8625
6031
9708
8821
2236
-6250
-1046
9587
-3782
-5842
7826
-4164
-5355
-7121
-883
1772
-4353
-252
6843
-6303
-7694
2803
7994
5264
-46
2145
8157
365
-833
1763
-515
-4599
-9920
4288
2186
1549
4937
7696
6442
-9829
-6637
4869
-6975
-7260
8897
-6704
6293
3452
3293
9424
928
3784
-4902
-7631
7729
5721
8598
-2381
-2361
216
-9615
5089
9439
6646
-5630
-8709
-7153
8417
2365
-2373
8116
230
2743
-6388
5155
8546
-689
-7338
-4711
4593
-2456
677
4104
3137
-7181
1362
366
630
2660
718
-658
9187
8415
-1866
-465
8513
-2066
-3498
-3071
8850
-1111
672
4847
-9094
-4708
6616
-955
293
-663
9715
-1640
1770
-7102
-7677
2699
2310
-4929
-5842
-2982
-2400
2330
9667
8987
5823
-1881
-5161
-8152
1564
9844
-393
94
-4427
9481
-654
6097
8900
5697
6171
1220
6775
-4005
-6521
-1997
5591
-3962
-4820
4099
-4245
1416
-5760
-8559
-3675
-4413
2477
-5796
9890
8542
-4986
1035
3756
3781
8137
7345
604
-9746
-6436
-4921
8301
-426
6174
-8633
9914
1630
-1651
-4242
2370
-2098
5908
5292
6648
-7879
9230
5499
-8241
6224
-1453
-2108
1174
-6295
1224
-6056
-9397
3960
-5293
1595
-7259
-1471
-2871
-5537
2794
6578
-9942
3894
-2186
4057
8063
-75
6943
-8487
-3178
-1398
9980
7362
-9738
1139
3112
-354
9992
110
-273
7888
-5626
-6340
-5757
-5158
7579
3086
-752
758
1171
-5207
6753
-687
565
-4718
-2247
5291
9369
-2668
8549
-7922
-2872
9062
-7666
-9269
-7090
3227
-3409
5626
2734
-5499
6890
9323
389
-6477
-1992
-4274
2933
1662
-2895
1719
-9747
501
-7644
115
485
-8467
3878
-1657
6663
-1147
-9295
-5042
7887
9586
-8302
7912
-6921
3935
-2804
2923
-3307
8135
4233
-548
-4347
-530
4468
7389
3690
9805
-4493
8823
-9086
2134
6619
-6534
3774
-5935
-6413
-5906
9528
2364
6465
3360
-4844
9992
-3867
7119
3383
-3141
-1129
9004
3153
1647
-7698
-3765
2374
-6776
9026
-1684
-3816
6906
-688
-7017
-5578
-5973
-3906
-7276
-4533
606
4907
-709
-6652
3545
-4962
-8794
-7805
-8533
-4343
-4406
-9696
-1299
-6439
5355
6061
9193
-2008
6695
-9668
1661
9963
-959
700
8162
4838
-9237
6057
-3684
5399
-858
-7503
1747
2840
3117
4665
7279
-7899
-8544
131
2598
8814
-5335
1602
-2050
3862
6153
-4298
159
-2698
-4804
8639
-8395
8331
-9875
-4251
-5990
9142
-9911
8547
-4391
7067
2967
-523
-7930
2307
7321
-3697
4109
3112
-5691
-9156
-5350
-5944
-8943
7979
2647
-5636
8335
1083
-9109
-5544
-4765
5077
8580
6561
5624
-3261
1590
9169
8506
9083
5527
-3462
-2024
737
-1791
880
9715
-4692
3937
9073
-1859
5976
5666
-4575
-3883
2054
-6045
1828
-6610
3169
-2437
5886
-3639
-6147
9246
2619
-3752
2430
-8305
-9657
-5482
-8900
-3259
-1757
2934
-425
-7934
1541
-3429
2788
3492
9597
-916
-7314
-9993
1615
1890
-7430
9208
-8372
5080
-5814
-3576
3701
-4631
9482
1887
-3461
-5710
-3428
2745
9423
5646
-5465
-4846
8660
-7501
-5067
5082
-9092
3780
-4093
-8499
8063
-5988
5613
7403
-8307
2020
5038
-8821
4963
-9209
-1938
7340
-8401
-584
-4593
-9181
742
6981
7202
-6666
4084
-6208
-5569
-2737
4131
776
4907
3343
9624
-1001
463
4369
1779
3824
-1516
3305
280
-7196
-2101
1202
2597
7695
8737
-7569
-612
-3033
-7189
-3313
-5101
4568
-9687
-3394
2393
3523
4257
4386
-1554
-5615
2725
-3438
3898
8889
3567
8973
-4314
3474
-6610
-3541
-84
7944
7774
-7699
650
-2720
-2417
9810
3282
-1903
3317
3492
-587
-1686
-8355
3735
2896
3146
-971
-5689
1085
-5388
-7578
4528
8690
-8765
877
5457
5571
-1893
-3747
9216
-2850
4946
-8448
3039
-9585
618
9256
8397
-5149
6239
1134
5255
-5444
8949
-48
-5086
-5829
1631
814
-7165
408
8966
-7394
3646
8811
-9268
543
9210
5943
-6271
-5406
-4786
9648
2737
3587
-8804
7001
-2230
-9460
1818
5986
2725
3711
7785
-221
5630
1792
8110
1113
-6828
-287
6650
-2363
2950
-5026
-240
3021
3879
5581
6801
3555
1360
3851
8153
8341
-451
5272
-2916
-537
-5026
9064
-3382
2011
-6194
-8654
5863
3422
-7994
-1138
6740
-4199
-3971
-607
7927
-2592
-2248
-8167
4481
-1600
-2896
5607
1954
-9526
-4055
1685
-4690
-1716
8118
2001
5984
3322
-8211
-1180
-6529
7634
6340
9014
2589
7425
3168
4477
-559
-3153
390
-9869
3255
9015
-7594
4756
-5028
-7681
-3977
-7258
-6948
6293
2761
6282
7441
5321
-8150
8689
-5807
2949
-6506
7811
5644
9455
-6483
6917
3034
-1948
-3005
6480
3799
2372
-9844
-2684
-4261
63
7637
6605
-5352
-6303
5026
-987
7351
9969
8847
5419
-8001
-2354
-727
-623
-6155
6215
-3698
-6738
2320
-9986
5977
-2868
3365
8039
-1075
8345
-470
-9356
1603
328
3802
-4222
8653
8461
-6164
-7652
-8646
-8732
3149
7908
-3805
-394
-3390
-6049
6358
8965
4643
-4037
359
-1203
7218
-3645
-7021
-4589
1826
4511
-7209
6981
-2718
5546
-2581
9346
9537
2866
-4617
6102
2765
-8058
3714
-1218
-1999
-9859
-6066
720
3496
2984
6761
7801
-3875
-3427
-2425
6028
6460
-1463
1574
2816
6257
-3405
4202
-4904
8187
5499
2437
7301
7755
4270
7532
9523
-4991
-3246
4449
8680
-6034
836
786
-8255
6175
299
-2603
7762
-7922
3922
-1029
9944
3583
3279
-7422
8770
-7881
5611
-6479
1168
-3852
495
4494
-6526
-4012
-868
7872
3959
6039
-3679
4887
9902
-8050
389
311
-2116
-5015
3555
3501
-9667
-684
-7373
-701
3223
8469
6079
-7134
2142
-5048
3791
-3157
-1500
1958
-4441
6890
3564
3359
-9516
-6059
1616
5638
3530
2986
-1850
-5592
6378
-2639
-573
-9213
-1851
-5716
7080
-5741
-4436
2827
-9725
2705
2245
8329
-6485
-9926
5164
2956
-3385
-7719
1708
7725
-1919
7002
-3146
4867
9448
-4429
1918
3820
-1565
5401
8037
9645
7971
-2859
1817
2144
6849
-9057
-8542
5720
1793
1307
-2462
2298
2799
-7344
6983
2009
3025
178
1595
-8826
-4896
1840
9981
-1230
-576
1407
-1961
-9832
9207
797
9951
7282
9735
6923
-965
1718
-7336
8788
-2766
4997
5247
4617
4319
-465
-3315
8648
-6337
-3392
5952
-247
-2662
390
-2414
7127
3271
-6208
-7106
2805
-3542
-7098
556
9596
660
8358
7364
2561
1365
-8344
-6540
-7668
5155
-1974
9047
-5839
-1126
9630
-93
2457
7538
-8206
-9821
-7264
-9492
1375
9717
461
6528
-5645
4109
-6510
-4042
-8399
383
-9728
-5658
3635
-9547
8249
-9204
-3060
-3547
1122
4145
-3887
1722
4761
6215
-8200
-1430
8339
1685
6711
-6094
-3167
816
353
6202
-4467
5553
-6111
-5940
-7798
-3058
9793
5898
3718
4184
-318
6041
4216
4423
8250
-279
1761
9445
5728
4292
-2174
966
9393
1349
-5176
6374
9133
4737
-5900
522
-2236
-4229
-739
-4053
5614
-2883
-2417
2223
7234
6632
-8403
3439
-775
-6621
-4554
3775
3635
-2295
5757
-2383
1742
8016
-9406
-3290
-3339
-9357
7797
-4779
-887
-6503
-2698
-4540
-3962
1409
3086
-8213
-2874
9284
-5493
1665
-9615
1896
-1851
8982
-9084
142
442
-1276
-3078
-9795
-8631
-8296
-4132
-497
-2422
9092
4635
-7562
-4081
-8871
-2791
6881
-2199
-9493
1765
8016
-8158
4198
4589
-7968
9072
-9957
2200
9355
2450
5633
6916
-692
9451
1867
-8798
-2772
-7243
-5443
7411
6342
-4236
7153
9641
8498
-1337
4978
9455
-3469
-8019
-3446
6217
536
-5251
-7422
-2430
2034
-7910
-8299
6864
-499
-6018
-8839
-6840
7123
7294
-2679
-1487
7659
-8479
-9601
9801
680
-122
1940
6055
5127
5154
-3708
-5742
-3199
-5842
9855
-9927
-4514
2621
73
-3142
6285
1861
2581
-7180
3156
713
-7266
-2126
-4029
-2267
646
-8614
-2525
-8156
2711
-6221
1566
7010
-5051
4618
-8758
-5634
-101
3859
-2957
2926
5608
-9761
1942
4230
1164
-271
5212
2116
1154
7893
-1221
-5906
-4063
2895
-3060
-8583
-3066
-1656
7796
-9958
-7128
-1303
8511
-8679
1276
8322
5784
5103
8970
-1553
-9807
-6157
4098
-1723
-9338
4102
5829
367
6472
-7032
-4285
-5168
3542
7854
-1077
-9443
-2818
-2324
-5419
-8240
-2450
1220
4965
-5534
4834
2118
6927
7958
235
5951
8092
-4982
-1273
-6072
5800
-9187
6067
5614
-1973
8269
2478
-8761
4468
5843
9358
8403
-9803
-1988
-3486
-7722
1515
2975
5852
7166
1362
26
-5390
423
1363
-3838
-2994
2600
761
8650
-4488
-3712
-1352
-905
9437
3141
3382
-1860
-3139
-1488
4021
-6871
-8459
-2307
8345
7638
-2690
6602
3845
-2544
1357
-580
-573
-1575
-7618
-3416
3726
7441
5946
7887
6345
-4817
-1903
-8968
8188
-8153
-4945
1046
2468
-3010
-2581
8412
8887
-2459
-6314
-4889
9741
-6832
8807
-7040
1590
6915
-6152
-7713
-6720
-1542
-1851
2603
-1193
9964
-6740
6822
9138
-5899
3866
-3
-8257
-7347
5629
3856
9600
-3762
1432
3691
3633
-1599
445
-146
7260
6923
7119
-7876
-6628
6195
-4908
-9378
8377
4640
5130
-2824
8773
-9407
1348
6827
1881
4642
2867
-5053
-8484
3894
7999
-159
9
9273
-6071
1734
-6243
-4745
-2234
-9960
4944
3465
-6337
-1135
609
7971
5914
-2549
2076
1518
-4650
408
3159
351
1328
7572
2667
-4764
-3644
9634
6271
-2703
-5573
9762
7094
2096
1138
-2073
1834
7914
-1124
2432
333
-9355
9589
546
-217
-3399
7760
-9463
-349
-69
4207
491
2768
3200
-8671
-3420
5121
9748
4206
-5759
-164
3897
3672
-7779
-6788
-7392
-5771
1457
-6134
5592
7987
-5379
2969
9236
-7094
6525
3169
278
-9039
8716
7825
3134
-6486
8765
-3957
8432
-7647
5250
-271
2079
-938
-9121
9701
-7648
-9459
7588
8561
-5324
-6907
-5465
8363
-4503
-9934
-7646
8564
-538
-6467
-1659
4251
-6447
-9278
6098
-4635
4237
-4068
-6106
-2999
-9533
-8405
9954
5136
-1624
2570
-7516
-8338
4997
1732
-3058
2164
-1439
2714
-2549
5743
7821
3211
-6433
-4396
834
-1533
2684
-7899
5944
2366
7909
-1533
-659
-657
311
-3847
2383
3486
-5268
-6583
4877
7242
-147
7327
-1804
-8347
2642
-2830
-6702
4519
5978
-4112
663
8224
-7087
-3545
-9396
9926
-715
3462
6872
-9081
3224
-7716
4872
-4736
-1780
7525
6589
5667
-592
-2622
-3548
8240
3814
229
-9
-8472
1625
-6132
4869
-4069
-1014
9159
1207
-2239
-245
1817
6501
-9171
-427
252
-7064
-3702
-4285
-2513
-8139
-2218
-8807
9681
100
-1608
4436
-2860
6033
5495
-3423
7224
-8403
-8422
-1672
4926
6601
-2951
-7980
2539
5117
-3226
1339
5534
858
8614
-9935
7019
4382
-8231
6800
4959
-2547
-2930
5800
8050
8531
-8042
5711
3852
-4751
5401
-5873
-8087
2978
-8110
2599
7382
5250
1655
-5218
5613
-16
4429
9669
-3326
-7287
-5466
-207
7470
-2575
6566
-8142
-9937
319
-3108
-8998
1091
2508
-7018
-122
-9726
9585
-5039
412
-513
7283
9393
3515
6392
-8275
-3635
5749
-1742
-1402
1084
-3535
5362
-9487
6254
6724
-6601
-5655
-8961
-5406
54
270
6880
-9049
9117
2310
333
9572
-8634
-1798
1755
9689
-8775
-368
-2953
-7659
-1731
-159
8731
2140
-4534
-5933
-128
4156
8897
4440
5449
3882
-4958
5633
9263
-7021
-1206
-6036
3725
8710
1496
-7584
-4462
2751
6662
-6601
9981
-7606
4320
7615
5544
-530
-9034
-9662
6458
-2234
8845
4518
-6945
1135
291
-5414
-4583
-9191
9208
7342
4017
-2188
6677
3230
-2867
-1055
-5014
6163
2489
-7655
4723
3523
9380
2436
-6199
-291
-6283
7906
5880
7062
7899
-9780
5161
9484
-787
-521
-8737
-7645
-2918
5825
-4027
-7307
-6135
-8902
6205
890
1649
2720
-7406
-3344
-6135
2163
8875
-4024
-5049
-2301
5584
-7398
-4751
6742
1523
3897
4324
9238
4365
8695
-232
-422
4328
7728
5738
3903
-517
4449
623
1788
5785
-3826
-7790
3592
-1943
-9382
-6538
-818
8068
-7538
2435
-8615
-6395
-2603
-3574
-8431
-1788
-8088
8872
-5869
4316
7026
-9982
1088
4833
-4236
8460
-2229
9908
-9457
-8409
577
4033
729
390
8539
-4916
-4160
-1609
917
-6380
-4639
-7676
4112
-6648
-74
316
-959
7211
5018
2525
6010
2143
-5100
-3860
-9744
-6282
-8227
-4789
736
-3444
136
813
-7004
-3962
-4797
-1073
2711
-4568
-930
4686
-6680
3934
8597
1277
-1090
8192
215
3085
-1893
9398
-8130
5802
-6554
8080
1129
2660
9517
3614
-9649
-2092
2374
7385
7230
-4120
3408
6869
3136
4176
-4507
1076
9537
8801
-8988
-757
-571
2779
-9062
-1272
7061
2073
8156
-6850
-4270
-7042
9646
-1543
3780
-8800
5612
273
4190
6408
3301
3595
9599
7524
4053
2918
4299
9624
9036
-9865
3792
456
6509
7776
-4627
545
9114
55
7964
2085
7424
7806
-4986
8641
9986
-6851
1697
-3863
-9806
-1164
-657
2102
513
-2235
3784
-2408
2917
7074
2429
-1711
289
-626
-228
-9983
-9655
-2065
-1232
3566
-3387
-7101
-4932
-5982
3200
5845
-6458
-4569
4481
-3561
1985
-5563
-5234
-6371
-2565
9779
2515
6470
4505
2265
-9558
-5623
-7735
-9051
4288
-6802
-8786
1595
-9455
4919
-4228
8333
9985
-3554
1390
-4881
-1395
-8719
-3128
1084
-6966
-5485
958
103
-134
6879
8357
3716
-7265
-6710
3899
2522
3904
-484
4734
-2591
4692
7827
7288
-8681
3509
-5230
3512
-2348
9372
-2424
-4235
-9071
8325
-4806
-3556
6527
-2850
5261
9487
4952
-5630
6377
-5656
-1128
7045
5701
-5629
2706
6266
-7730
7489
1770
-8536
9157
3729
-7564
3719
-9094
-2282
-3994
-587
-1944
-1883
3162
2299
783
7247
6094
-4932
7480
-4524
-13
-8319
5787
526
-4845
-9467
-7097
8342
-1379
3550
645
5844
3736
-1564
-841
9446
-2338
7476
5977
1443
4891
-9716
-7786
7984
4825
6372
-6038
8703
3474
-9694
-380
953
5732
-3555
8820
9703
-629
3538
3358
6069
8219
-1254
3804
3495
9470
8828
7351
6491
-8862
-4434
-6837
2193
-2972
1023
-2997
-7152
8845
-5102
856
511
8235
986
-8676
-1237
8059
900
4524
9148
-7137
2203
-3408
9632
9817
-14
-7527
-7354
8381
12
-5394
-898
6979
-7935
7846
-4377
3661
-3210
-6273
8198
-6519
5007
7381
-6411
2423
8248
-9117
-3230
-1756
7975
3223
-2339
5356
-2554
-3336
-5186
-7620
5839
310
2010
3467
-2081
2905
-8816
-8107
-2426
6979
3552
-5237
8110
-8913
1732
5840
4805
4354
4988
-3810
4729
-851
-9593
-8946
-141
-6528
1376
-3277
-8789
-4675
-3426
5752
-1895
4537
1450
-941
6471
2851
-4005
5221
8440
-1493
-1424
773
2370
8123
5290
-1495
-954
-7072
-1097
-5649
-7604
3281
1263
-1213
-3561
336
-9788
3569
-4114
-4304
5958
5435
9884
-4173
40
3038
514
-435
1193
-7708
6375
-1399
7701
-1365
-6147
5760
975
651
8772
3379
-6841
-3537
-3276
5423
5589
2409
-7857
6696
1289
-4032
-6298
8839
7243
5586
8198
-6777
-4789
2097
-5928
2134
-9404
5086
-3183
-3608
7370
-153
-5366
4646
-3551
-5069
9349
-8527
-5820
-7193
-1129
-4439
-38
4347
-844
6658
9498
3061
2282
-2148
7071
8577
3490
-8720
-6300
-3995
7307
-9960
5877
-1597
-8064
2199
7786
9043
7568
9416
-4836
-3495
-6804
389
-6608
3590
-9257
-8381
-8772
-723
-9041
-3650
-3135
662
-9221
8224
-9070
-9433
8270
7068
5778
9300
-1874
-9091
-374
-4448
-5445
2676
5934
-6013
9888
-6750
4826
5951
6628
73
-2112
-3776
5058
-9789
8532
8850
8016
-2394
-4079
-5178
-2240
-7189
9970
-5590
1550
-4091
4626
-9118
-7178
-1893
1604
4816
6122
8630
-814
3181
-7480
3276
-7300
-6182
1388
1836
-3753
-5399
4699
7327
-411
-4291
-2343
-939
8117
4871
149
7698
6977
2326
-4204
-5686
2140
5585
-6298
2375
1014
-2423
7464
7206
6030
-2634
-2795
604
9822
765
5879
-215
8668
-9438
-2502
-6877
4170
-8546
-3576
-1369
-3313
3326
6980
-7802
6332
2606
-5138
1824
-641
816
7061
8749
-1864
232
-106
-3958
7714
-2273
3756
9479
9921
-867
2232
7557
-7629
-8404
2769
-4283
-3601
7108
-2192
1417
6030
791
-7582
5389
-4322
-4491
-7471
8641
-7481
6589
-362
7765
-1514
-4370
2806
4191
-1783
4509
4781
-5560
-5549
2159
9001
1574
-9568
389
1993
6413
-637
-6730
6347
-9376
7407
1011
3631
7566
-3085
9727
3240
7815
9634
-2037
-1869
5430
6358
-8814
3651
-1478
-3106
-170
8319
7105
8267
8660
-9853
-8583
-5275
8392
-9896
-8890
7655
4653
2625
-587
3064
8402
-3114
-8928
3405
5735
4015
-6371
158
-6686
-7132
-3258
-3056
1974
2157
1526
-4472
3695
-8220
4402
2574
448
-9722
4673
-6497
-1544
3595
-1374
-8821
3660
-5616
-8633
4201
-4645
1862
4128
780
-113
-1918
-1016
9257
-3232
1717
7295
-7003
-3896
229
-2549
2712
628
-4857
-4043
-3760
984
3056
-5751
-8438
-7807
-4756
-1562
5276
9556
2006
-7876
8405
7706
7133
-1518
5467
-4074
-2824
-7564
-882
-5501
-8416
4057
-6950
-3409
915
587
8044
-4821
7433
4003
6529
332
6232
-2463
-7604
-2565
-8982
-319
-8261
3031
8460
-1896
-7517
-6109
9134
3812
9857
-4034
-5235
-5062
714
-2394
-2899
8635
5282
-2166
3134
-5080
9673
-470
-752
-3408
2167
5278
3493
9362
-1212
1736
6155
-6894
3893
-2009
-5654
-4146
7259
712
-5517
-9265
8030
552
5924
3881
2127
6630
3077
882
-8730
9264
-8361
1896
1710
1956
-7107
5530
-7744
2226
3654
-7129
6367
3094
1647
4089
1134
-9438
8855
-9814
6594
-7832
8276
7835
7685
-5971
5607
-5186
7731
-1433
-3835
-3115
3843
-5448
-2966
-5826
-9263
-6545
-587
3904
627
3931
-972
-3965
3353
-8851
-3018
3971
-7548
9800
-8645
7936
-2450
993
-8645
8773
62
3455
1490
-2982
-1160
6343
7072
-6034
-9586
-5519
4762
-5223
-3111
7621
6429
4458
2877
8971
329
4465
9345
2542
-4838
-7184
7791
3552
-9994
-9771
3852
-6584
4602
3969
-815
-7228
-6787
1485
9479
1874
-4100
-6239
3404
-3115
7103
-3039
4168
-6877
-3456
-7653
-6615
-6355
-1589
5322
5295
8178
-4381
1716
-6764
7547
645
-442
-3385
3761
4398
4252
-1755
3276
-5390
-9623
2926
8912
3525
7612
-9372
4320
-6924
-6853
-3136
-5833
480
-1091
9944
-7105
-8440
2281
-7624
1349
-5565
-5181
7023
-9405
2334
-1240
-1352
1891
-3871
926
-10000
8870
8539
-421
7226
7348
-9353
-7934
1472
7728
-3279
5267
8176
8802
1480
2490
-5357
-5993
-6147
-5416
-4589
-171
-9474
1993
1074
-6862
-4451
8143
-4728
-4099
422
-3101
-9870
-3906
8384
-8660
4140
6452
-1969
-377
-3164
703
-1824
-6091
-4052
-5545
-4193
9180
-8417
-5855
-5853
-6654
-449
-3785
-9510
-708
-2888
-8731
-4231
6767
9406
5222
-7680
-2164
-8159
8488
-9197
-5555
1658
-3456
5008
-9409
4301
-2771
-9140
504
4793
-7593
-3371
-6922
3923
-4673
3463
-8885
7370
1258
1502
9501
8060
-9686
4870
-9945
1070
-6579
-8919
-1748
1907
493
-409
-2570
8879
5474
-5599
7044
9602
-9393
9792
-9048
-1722
5840
1942
-7820
8754
8497
-8098
-4548
-8667
-1453
-1
-9110
-3823
-6078
-3790
-1652
921
-1981
-5867
8026
-1103
-8077
-2802
-2591
3998
4662
-6618
1548
-1436
-264
9470
-921
-3740
-2026
-9558
-6382
2925
-1274
-1860
-8775
3449
-3922
6928
-5384
-2726
4568
-9291
1203
1744
4313
2777
-7908
3041
1180
-7911
4916
-4461
293
7990
7069
-9923
9592
8193
9157
-3092
-4077
7976
9330
-2608
-4911
-5807
-3291
-9523
1588
-5760
2078
-1538
321
9114
5108
-1471
-5398
-5183
-3982
-4916
-7351
-2926
-601
8373
-5186
-445
5825
-5945
-4549
3808
7402
-6388
-7665
7919
6137
6813
3878
-3147
5683
-7960
6007
4118
5938
-3149
-502
-3845
-3630
-4552
9369
6902
4968
7389
9993
-9587
-7743
9961
-959
-6435
9373
-5501
1287
-8700
5713
-8214
-8930
-3132
5889
-5868
-9003
6471
5397
9304
3833
-6051
6138
-6761
4989
8286
2948
-1318
8710
4331
1366
374
9425
-4730
-6074
-617
6523
4360
-2559
4588
5739
-8106
1614
5821
7418
98
318
4593
428
-4495
8181
7745
4618
-2665
7917
779
-2994
7622
-703
-5318
3650
2464
2742
760
5207
-6569
-9083
-3668
3114
-6559
705
7977
3202
-1410
-2462
4211
-4510
-6538
1122
-4657
9338
-8252
-227
6116
1652
-5017
-5976
-7622
114
-9875
5670
5041
8424
2049
8923
6071
3711
-8815
5442
100
5998
5382
-5140
-4896
9438
6880
-7084
-6685
6439
7253
-3521
-5331
5500
-2539
4084
9230
-1629
-7445
-4696
3092
4745
1153
4427
3192
-9249
-483
-6339
8936
-6794
-7173
-7113
-6414
-6925
-5470
-2881
7389
-6615
-1987
-6120
-4932
-3418
-3829
-7168
2588
-2226
-360
1330
4333
-9310
4208
-5162
956
8566
-5238
-7453
1951
7371
-748
7013
-2567
8735
9391
962
-5335
983
9032
-6877
1173
1131
-3635
-3965
5653
-3321
-2972
316
6155
-5362
2143
6919
-9392
4300
2764
7180
-4917
-6196
782
2660
-8284
-7574
9903
-6013
-246
8173
9195
-83
-5313
-5523
-415
5562
-3384
3786
-1214
2923
2725
562
-1262
3051
-9471
3267
1656
9856
-2729
7642
6108
-8052
-5284
6051
2939
-978
9930
-3407
7496
-2708
4453
-3429
-8608
-3089
-5056
3709
7964
9648
2301
890
-9330
-6943
6338
-7235
-6881
-9214
-2971
-8396
-2011
-7908
-1291
-9821
-7113
122
3535
-8545
-7073
4540
7331
-2859
4231
-791
4675
-4184
-2478
-2353
-1545
-1385
6439
-4474
-1131
7816
-2885
3229
-9722
-2749
9490
-3475
574
-657
3243
-658
1258
5985
-9492
-383
-9833
5222
-6454
2652
8725
7023
8995
-1547
7907
8988
2437
555
3091
5204
-1366
-5643
4219
5672
8722
-9077
-7380
8176
-8474
6664
3151
-9184
6500
4151
-2232
-9495
-2095
2329
-5251
-1980
-6330
6380
-1843
4579
4487
1193
-384
-1546
6257
8512
6730
-8178
8309
-5592
-3051
-7093
3370
-6455
92
7076
3423
8413
978
5031
-6972
2520
222
1981
4081
-3397
-1872
1992
-3885
9956
4695
52
9224
-245
-8307
7953
9507
7726
6719
-8676
-7004
1518
1167
3240
9076
-7675
1519
-5246
-613
-6631
-2770
9825
9719
-5735
1628
-20
1573
2515
-6096
-3468
-8420
-3451
7230
1601
-572
566
-9318
6766
-12
9148
-5597
5710
1122
-2656
-5531
9959
-8270
4973
-6205
-2071
-2290
663
413
1374
-4272
-8218
-9227
-5823
4605
2748
5774
3989
6453
-6016
-42
-9734
2671
-4058
-6831
-1761
6354
-9900
9532
-3300
-4173
9786
-6299
9068
-2542
9818
4381
824
-3621
5048
1401
3516
-5638
5716
-8429
-3832
-9646
7549
6880
-7657
-5091
-3713
1670
-1440
-7433
-2423
-1515
-105
-9724
-7280
1841
-8085
4006
-2914
-5953
3701
3811
-2242
5759
7048
9474
4714
-1266
2543
6695
-8158
-5041
722
9079
-9258
8929
-7536
3826
7477
6677
1759
-3791
3074
-8469
8098
4851
-8131
956
-2615
-6619
4269
6803
8888
-6074
6971
8436
8775
5651
-8449
-2625
237
6764
2284
4458
-6317
-2162
-8375
-3056
1858
-4234
-3637
1018
6461
-1734
8008
-1349
71
-9590
7504
5884
7348
-4679
-4197
7332
-9175
-5890
-3628
4994
-9406
2132
-8056
-4481
-9524
-3731
-3377
1243
1361
-8402
5392
7354
8083
-488
-6706
3275
-2980
-9435
6235
1864
4680
2533
6079
-1816
-2675
-5526
-1905
-8714
-6404
-9404
8543
-1913
3425
-3944
-9514
8839
-3542
-6032
1142
8837
-8648
-1706
-8031
8507
-3565
-9969
4216
2785
-5501
-5324
-1994
-1476
-6409
-6313
4271
-7600
1020
-3200
3026
1337
-7790
-7441
-8078
9516
776
9670
5916
-4006
-6878
-3927
-4241
5705
3188
3891
5624
513
-4853
-1000
-9724
-5245
7118
233
-1649
-7051
1985
-5615
8363
-3746
5488
3906
2316
-380
-7263
-3705
-4899
4799
-9905
6055
-5204
-3181
7474
5489
-4022
-4333
6961
4662
7518
-2040
3351
-4924
8421
-895
1750
5594
-9466
-1885
3345
5442
-4447
2623
4685
-3419
3224
8026
6838
-6578
1947
2013
-8355
-96
-2411
-8556
-7575
-9230
-4983
-7261
4685
-6560
-452
-8150
7316
6198
-9977
-50
2613
2524
-8506
1161
4992
3295
7903
3232
1888
-6045
6756
-632
-4198
1958
2242
-1530
-7505
-1821
4609
4877
7831
5231
251
5631
-3994
8647
-7169
7604
-1975
9739
-716
9117
-7295
-424
-2259
981
1035
-2892
2456
-7727
-7950
-9129
-2217
3343
3682
-3717
2809
-9745
-6056
-2199
-3991
-8176
-4876
8137
