-9440
-5639
3931
9831
723
4835
1138
5989
6015
1025
5221
-9774
-9872
8995
-6124
-5059
7400
-4563
-1624
4532
1975
-268
-4475
-422
1060
-395
-8437
-2479
-9722
3441
9518
-4395
7429
-736
3183
1432
-9369
1234
-5323
-9332
4731
6650
8056
6185
264
-8232
-8289
6959
-7137
706
-2811
-7622
9828
-9186
2695
673
-6695
59
-3187
902
-4368
-6912
2236
9288
-8555
8326
-9163
3818
3648
5081
-8780
-1798
-7309
7139
7591
-8348
7185
8727
-502
-8734
3220
-5279
-4936
-8050
9696
-4926
-5114
8035
9876
7656
-9870
7566
-3597
-4927
-1329
-3719
4741
4321
7941
5217
929
7507
-8915
-6467
3512
4755
3718
8943
8423
-1146
-2760
3970
5921
8979
6431
-665
-3695
4382
8998
-369
9521
417
8875
5050
-4177
8366
52
-8065
-4637
-7090
711
-4493
-8953
-8228
-6311
5019
-4715
-3449
4506
8092
745
-2897
-1109
-2810
-8736
-8417
1541
-7137
4528
-7451
-9505
-5394
406
9023
9045
-1973
-456
2572
-7517
-7808
6971
-9527
8968
-3852
-8773
-2365
-6326
-3690
2497
9994
-5042
6032
2692
9309
7828
3880
9826
9173
-1855
-457
-9095
-53
7345
8571
7622
-3083
5970
8990
-5609
-1855
8970
-4599
-9485
3968
-8414
-3034
2240
8867
3062
308
2071
8809
6396
1472
-1998
3043
-4553
6006
3347
-5800
-3877
5618
458
3616
1905
8344
4766
-7505
-770
-5136
1082
-4900
-5060
-1300
7766
2584
-6161
4500
8082
-8040
1909
-4341
3001
-8193
6015
8779
-8408
-4511
9930
133
-9674
-3044
3515
-1246
-3295
-4119
2377
-4724
-1051
-427
-9774
-8085
4041
-6269
-6267
-2199
-6478
9679
-6827
5556
2748
-7194
-4643
-5858
-9759
6034
1426
836
-2634
-6685
4938
5550
-7412
3185
-5702
6546
-6623
1206
-1075
8503
-2016
-8042
-141
7152
6478
-1785
5369
904
8618
6686
-2458
3891
-9198
-4557
-4697
-6410
-6989
-5788
-6437
7938
-7064
-6764
933
4874
-2986
5391
3374
-7988
-2340
1387
-9358
9927
8392
2118
-8566
5771
-8345
-4959
-6515
-7602
5315
-2820
4478
-4890
-9991
3774
6828
2257
1568
9677
9953
-2546
2259
-7419
-6856
3601
6194
-4551
5216
851
2603
342
-3691
-35
-8833
-1248
2462
-7569
-1609
2638
9912
-3317
-3944
7718
6220
3791
-7932
-9398
-531
-4166
3894
4996
7580
-367
5655
-6638
1506
-4572
3547
-3194
-9673
3463
-2086
-9986
-4052
-3437
-143
-1375
-8639
6697
6911
8960
6003
5603
7358
4243
-451
2281
-9492
5719
4399
-6204
3593
-407
-2993
599
-8929
-2131
-4499
4368
4254
-7515
2822
6073
-2032
4221
4326
-1424
-7528
6572
651
9198
-1915
3200
-5550
-95
4799
1980
7719
-9642
-1177
-8379
-7632
7810
6862
1515
-8557
-5759
8673
6578
-8152
-299
6805
-6877
5794
-9579
-4330
-1131
466
7683
9994
7597
-8471
1394
2689
3864
-3620
-6415
9583
-4311
-5386
-2298
6125
-760
-7615
4208
537
8565
5033
-1259
1056
-6744
9699
-1969
-3057
-9181
2900
-8525
-1900
4438
4004
-5759
-2717
-7332
-2116
-1985
-8585
-3873
-5367
-2104
-8346
6767
1317
1120
-8122
-5188
-1757
9838
7371
-1731
-7958
-1114
1172
-8006
131
-5808
4725
-8015
5336
4119
-7490
-6344
-6122
-717
4575
7568
-8405
287
5785
-1170
-5090
9851
-7478
-2688
-8973
-9115
-7664
759
1775
-8306
-6690
-121
7658
-6778
3321
10000
3085
4534
-213
-9846
-1144
567
5947
-5596
3128
-4802
8837
-5271
-3591
5358
6501
-3723
-8273
5961
-1914
-7136
9507
-2579
1545
-2198
-6216
-7871
208
7737
5201
-1961
9521
-1736
8126
4220
-2437
-8628
-7362
-8303
-8754
-752
-8080
6092
-3730
1017
2208
1161
-6597
-5927
-5639
-3249
-9609
4243
-3490
1240
4392
7503
9441
5703
8499
8998
7403
-3227
3966
6655
4419
-8040
1863
2533
-3868
24
5311
4601
-8182
-785
-2902
-2188
-6879
-9414
641
6984
-6029
829
8379
-1223
-8497
-7781
-18
6832
4861
5607
-2779
-635
2274
-335
-7664
-8302
-5458
2219
5289
-7776
4832
-7043
-4855
78
-3577
2766
3343
4875
9846
6192
-7243
377
9985
-9632
1706
-5295
7678
-4215
-8628
-7720
5697
710
2135
-1968
4619
9202
2305
-9262
8254
1234
-7376
-8748
7725
4451
-636
-9423
-6945
4134
1238
2644
9175
5858
688
2357
5168
-6734
-7102
1304
4880
-7634
7168
-1312
-180
-6682
6506
-8871
-3641
2439
-7200
-7957
-2624
4188
7567
3646
7058
-5719
595
-3356
-9138
-4895
1236
8801
9024
360
-881
3961
-3012
3962
3703
-8522
-4563
-3698
9516
-9966
4056
-2292
6046
-9089
8019
4886
6187
7031
7783
-7577
4988
2218
-9144
-2924
8166
445
5987
8534
-7882
6334
-3489
-8389
5888
5898
-9503
-6679
-6224
-4292
4038
-7330
3553
9935
7184
9309
-7377
-7768
3471
3074
-3556
6627
-2442
-6469
-1367
-4924
5319
7316
-1327
-7795
221
5466
9117
7652
-7197
5462
-1921
-1693
5551
-6210
14
7612
-8908
8425
5959
1183
9256
794
1566
-9628
-2937
-49
-2227
-3828
3602
-8022
-6909
-7011
-8697
6433
-6059
-9679
3333
8896
9980
-5051
-6979
9873
-5896
9369
-1350
6701
1387
427
-8786
6880
6378
1609
-3389
-9450
9454
-9738
-4111
-7473
2375
9183
8827
9023
-7896
-470
-5557
5988
-9825
8003
-8691
5202
2777
-5437
-5598
924
-8829
5988
245
4049
-8305
7209
-1460
-5066
8034
-6412
8448
-4909
-8766
4892
479
5400
-3834
-5901
7694
-2989
-7493
8990
-4703
-7294
3097
-9941
950
8125
3410
-4936
4539
2241
8970
2783
-2616
-6706
-4332
-5103
924
8837
7638
-6108
4949
400
9947
4256
-68
-9976
-1628
-1037
-6211
-5818
-9454
746
7846
-4284
984
3937
-7405
-8214
288
8515
-9993
1767
-5205
1903
971
7138
-6804
-7769
1256
3880
1155
3576
3447
-6810
-2125
3311
755
4552
-1994
2634
703
8030
9427
4429
5465
-1691
-4406
7723
6807
4254
-8007
-9850
-2266
2963
1681
-4765
2570
-7194
-3487
-969
2071
6725
3316
-6964
395
9913
-5640
-6744
2
-9473
7502
5077
-969
1768
2307
5949
5040
-2621
-4278
-4478
2121
4934
-8933
-1270
2273
92
225
-7333
-9146
-9342
8244
9191
8048
-3003
-1824
-1621
-1651
-1364
1245
-2383
-3080
5822
5894
-9983
-1848
-683
-4559
922
-8517
-791
5843
5603
8086
-9516
2276
-2388
-2887
-3810
5382
-632
9564
-824
8334
-706
-18
2569
-6472
8518
8408
1035
